3F6C
29E7
2186
0000
29E7
1BAF
1626
0000
2186
1626
11B8
0000
0000
0000
0000
0000
29E7
1BAF
1626
0000
1BAF
124B
0EA2
0000
1626
0EA2
0BB5
0000
0000
0000
0000
0000
2186
1626
11B8
0000
1626
0EA2
0BB5
0000
11B8
0BB5
095D
0000
0000
0000
0000
0000
0000
0000
0000
0000
0000
0000
0000
0000
0000
0000
0000
0000
0000
0000
0000
0000
29E7
1BAF
1626
0000
1BAF
124B
0EA2
0000
1626
0EA2
0BB5
0000
0000
0000
0000
0000
1BAF
124B
0EA2
0000
124B
0C16
09AB
0000
0EA2
09AB
07BC
0000
0000
0000
0000
0000
1626
0EA2
0BB5
0000
0EA2
09AB
07BC
0000
0BB5
07BC
0630
0000
0000
0000
0000
0000
0000
0000
0000
0000
0000
0000
0000
0000
0000
0000
0000
0000
0000
0000
0000
0000
2186
1626
11B8
0000
1626
0EA2
0BB5
0000
11B8
0BB5
095D
0000
0000
0000
0000
0000
1626
0EA2
0BB5
0000
0EA2
09AB
07BC
0000
0BB5
07BC
0630
0000
0000
0000
0000
0000
11B8
0BB5
095D
0000
0BB5
07BC
0630
0000
095D
0630
04F3
0000
0000
0000
0000
0000
0000
0000
0000
0000
0000
0000
0000
0000
0000
0000
0000
0000
0000
0000
0000
0000
0000
0000
0000
0000
0000
0000
0000
0000
0000
0000
0000
0000
0000
0000
0000
0000
0000
0000
0000
0000
0000
0000
0000
0000
0000
0000
0000
0000
0000
0000
0000
0000
0000
0000
0000
0000
0000
0000
0000
0000
0000
0000
0000
0000
0000
0000
0000
0000
0000
0000
0000
0000
0000
0000
0000
0000
0000
0000
0000
0000
0000
0000
0000
0000
29E7
1BAF
1626
0000
1BAF
124B
0EA2
0000
1626
0EA2
0BB5
0000
0000
0000
0000
0000
1BAF
124B
0EA2
0000
124B
0C16
09AB
0000
0EA2
09AB
07BC
0000
0000
0000
0000
0000
1626
0EA2
0BB5
0000
0EA2
09AB
07BC
0000
0BB5
07BC
0630
0000
0000
0000
0000
0000
0000
0000
0000
0000
0000
0000
0000
0000
0000
0000
0000
0000
0000
0000
0000
0000
1BAF
124B
0EA2
0000
124B
0C16
09AB
0000
0EA2
09AB
07BC
0000
0000
0000
0000
0000
124B
0C16
09AB
0000
0C16
07FC
0663
0000
09AB
0663
051C
0000
0000
0000
0000
0000
0EA2
09AB
07BC
0000
09AB
0663
051C
0000
07BC
051C
0416
0000
0000
0000
0000
0000
0000
0000
0000
0000
0000
0000
0000
0000
0000
0000
0000
0000
0000
0000
0000
0000
1626
0EA2
0BB5
0000
0EA2
09AB
07BC
0000
0BB5
07BC
0630
0000
0000
0000
0000
0000
0EA2
09AB
07BC
0000
09AB
0663
051C
0000
07BC
051C
0416
0000
0000
0000
0000
0000
0BB5
07BC
0630
0000
07BC
051C
0416
0000
0630
0416
0345
0000
0000
0000
0000
0000
0000
0000
0000
0000
0000
0000
0000
0000
0000
0000
0000
0000
0000
0000
0000
0000
0000
0000
0000
0000
0000
0000
0000
0000
0000
0000
0000
0000
0000
0000
0000
0000
0000
0000
0000
0000
0000
0000
0000
0000
0000
0000
0000
0000
0000
0000
0000
0000
0000
0000
0000
0000
0000
0000
0000
0000
0000
0000
0000
0000
0000
0000
0000
0000
0000
0000
0000
0000
0000
0000
0000
0000
0000
0000
0000
0000
0000
0000
0000
0000
2186
1626
11B8
0000
1626
0EA2
0BB5
0000
11B8
0BB5
095D
0000
0000
0000
0000
0000
1626
0EA2
0BB5
0000
0EA2
09AB
07BC
0000
0BB5
07BC
0630
0000
0000
0000
0000
0000
11B8
0BB5
095D
0000
0BB5
07BC
0630
0000
095D
0630
04F3
0000
0000
0000
0000
0000
0000
0000
0000
0000
0000
0000
0000
0000
0000
0000
0000
0000
0000
0000
0000
0000
1626
0EA2
0BB5
0000
0EA2
09AB
07BC
0000
0BB5
07BC
0630
0000
0000
0000
0000
0000
0EA2
09AB
07BC
0000
09AB
0663
051C
0000
07BC
051C
0416
0000
0000
0000
0000
0000
0BB5
07BC
0630
0000
07BC
051C
0416
0000
0630
0416
0345
0000
0000
0000
0000
0000
0000
0000
0000
0000
0000
0000
0000
0000
0000
0000
0000
0000
0000
0000
0000
0000
11B8
0BB5
095D
0000
0BB5
07BC
0630
0000
095D
0630
04F3
0000
0000
0000
0000
0000
0BB5
07BC
0630
0000
07BC
051C
0416
0000
0630
0416
0345
0000
0000
0000
0000
0000
095D
0630
04F3
0000
0630
0416
0345
0000
04F3
0345
029D
0000
0000
0000
0000
0000
0000
0000
0000
0000
0000
0000
0000
0000
0000
0000
0000
0000
0000
0000
0000
0000
0000
0000
0000
0000
0000
0000
0000
0000
0000
0000
0000
0000
0000
0000
0000
0000
0000
0000
0000
0000
0000
0000
0000
0000
0000
0000
0000
0000
0000
0000
0000
0000
0000
0000
0000
0000
0000
0000
0000
0000
0000
0000
0000
0000
0000
0000
0000
0000
0000
0000
0000
0000
0000
0000
0000
0000
0000
0000
0000
0000
0000
0000
0000
0000
092A
060E
04D8
0000
060E
0400
0333
0000
04D8
0333
028F
0000
0000
0000
0000
0000
060E
0400
0333
0000
0400
02A4
021D
0000
0333
021D
01B1
0000
0000
0000
0000
0000
04D8
0333
028F
0000
0333
021D
01B1
0000
028F
01B1
015A
0000
0000
0000
0000
0000
0000
0000
0000
0000
0000
0000
0000
0000
0000
0000
0000
0000
0000
0000
0000
0000
060E
0400
0333
0000
0400
02A4
021D
0000
0333
021D
01B1
0000
0000
0000
0000
0000
0400
02A4
021D
0000
02A4
01BF
0165
0000
021D
0165
011E
0000
0000
0000
0000
0000
0333
021D
01B1
0000
021D
0165
011E
0000
01B1
011E
00E4
0000
0000
0000
0000
0000
0000
0000
0000
0000
0000
0000
0000
0000
0000
0000
0000
0000
0000
0000
0000
0000
04D8
0333
028F
0000
0333
021D
01B1
0000
028F
01B1
015A
0000
0000
0000
0000
0000
0333
021D
01B1
0000
021D
0165
011E
0000
01B1
011E
00E4
0000
0000
0000
0000
0000
028F
01B1
015A
0000
01B1
011E
00E4
0000
015A
00E4
00B7
0000
0000
0000
0000
0000
0000
0000
0000
0000
0000
0000
0000
0000
0000
0000
0000
0000
0000
0000
0000
0000
0000
0000
0000
0000
0000
0000
0000
0000
0000
0000
0000
0000
0000
0000
0000
0000
0000
0000
0000
0000
0000
0000
0000
0000
0000
0000
0000
0000
0000
0000
0000
0000
0000
0000
0000
0000
0000
0000
0000
0000
0000
0000
0000
0000
0000
0000
0000
0000
0000
0000
0000
0000
0000
0000
0000
0000
0000
0000
0000
0000
0000
0000
0000
0000

