010
018
01E
000
018
024
02E
000
01E
02E
039
000
000
000
000
000
018
024
02E
000
024
037
045
000
02E
045
057
000
000
000
000
000
01E
02E
039
000
02E
045
057
000
039
057
06D
000
000
000
000
000
000
000
000
000
000
000
000
000
000
000
000
000
000
000
000
000
018
024
02E
000
024
037
045
000
02E
045
057
000
000
000
000
000
024
037
045
000
037
054
069
000
045
069
084
000
000
000
000
000
02E
045
057
000
045
069
084
000
057
084
0A5
000
000
000
000
000
000
000
000
000
000
000
000
000
000
000
000
000
000
000
000
000
01E
02E
039
000
02E
045
057
000
039
057
06D
000
000
000
000
000
02E
045
057
000
045
069
084
000
057
084
0A5
000
000
000
000
000
039
057
06D
000
057
084
0A5
000
06D
0A5
0CE
000
000
000
000
000
000
000
000
000
000
000
000
000
000
000
000
000
000
000
000
000
000
000
000
000
000
000
000
000
000
000
000
000
000
000
000
000
000
000
000
000
000
000
000
000
000
000
000
000
000
000
000
000
000
000
000
000
000
000
000
000
000
000
000
000
000
000
000
000
000
000
000
000
000
000
000
000
000
000
000
000
000
000
000
000
018
024
02E
000
024
037
045
000
02E
045
057
000
000
000
000
000
024
037
045
000
037
054
069
000
045
069
084
000
000
000
000
000
02E
045
057
000
045
069
084
000
057
084
0A5
000
000
000
000
000
000
000
000
000
000
000
000
000
000
000
000
000
000
000
000
000
024
037
045
000
037
054
069
000
045
069
084
000
000
000
000
000
037
054
069
000
054
080
0A0
000
069
0A0
0C8
000
000
000
000
000
045
069
084
000
069
0A0
0C8
000
084
0C8
0FA
000
000
000
000
000
000
000
000
000
000
000
000
000
000
000
000
000
000
000
000
000
02E
045
057
000
045
069
084
000
057
084
0A5
000
000
000
000
000
045
069
084
000
069
0A0
0C8
000
084
0C8
0FA
000
000
000
000
000
057
084
0A5
000
084
0C8
0FA
000
0A5
0FA
139
000
000
000
000
000
000
000
000
000
000
000
000
000
000
000
000
000
000
000
000
000
000
000
000
000
000
000
000
000
000
000
000
000
000
000
000
000
000
000
000
000
000
000
000
000
000
000
000
000
000
000
000
000
000
000
000
000
000
000
000
000
000
000
000
000
000
000
000
000
000
000
000
000
000
000
000
000
000
000
000
000
000
000
000
000
01E
02E
039
000
02E
045
057
000
039
057
06D
000
000
000
000
000
02E
045
057
000
045
069
084
000
057
084
0A5
000
000
000
000
000
039
057
06D
000
057
084
0A5
000
06D
0A5
0CE
000
000
000
000
000
000
000
000
000
000
000
000
000
000
000
000
000
000
000
000
000
02E
045
057
000
045
069
084
000
057
084
0A5
000
000
000
000
000
045
069
084
000
069
0A0
0C8
000
084
0C8
0FA
000
000
000
000
000
057
084
0A5
000
084
0C8
0FA
000
0A5
0FA
139
000
000
000
000
000
000
000
000
000
000
000
000
000
000
000
000
000
000
000
000
000
039
057
06D
000
057
084
0A5
000
06D
0A5
0CE
000
000
000
000
000
057
084
0A5
000
084
0C8
0FA
000
0A5
0FA
139
000
000
000
000
000
06D
0A5
0CE
000
0A5
0FA
139
000
0CE
139
187
000
000
000
000
000
000
000
000
000
000
000
000
000
000
000
000
000
000
000
000
000
000
000
000
000
000
000
000
000
000
000
000
000
000
000
000
000
000
000
000
000
000
000
000
000
000
000
000
000
000
000
000
000
000
000
000
000
000
000
000
000
000
000
000
000
000
000
000
000
000
000
000
000
000
000
000
000
000
000
000
000
000
000
000
000
06F
0A9
0D3
000
0A9
0FF
13F
000
0D3
13F
18F
000
000
000
000
000
0A9
0FF
13F
000
0FF
183
1E4
000
13F
1E4
25D
000
000
000
000
000
0D3
13F
18F
000
13F
1E4
25D
000
18F
25D
2F4
000
000
000
000
000
000
000
000
000
000
000
000
000
000
000
000
000
000
000
000
000
0A9
0FF
13F
000
0FF
183
1E4
000
13F
1E4
25D
000
000
000
000
000
0FF
183
1E4
000
183
24A
2DC
000
1E4
2DC
393
000
000
000
000
000
13F
1E4
25D
000
1E4
2DC
393
000
25D
393
478
000
000
000
000
000
000
000
000
000
000
000
000
000
000
000
000
000
000
000
000
000
0D3
13F
18F
000
13F
1E4
25D
000
18F
25D
2F4
000
000
000
000
000
13F
1E4
25D
000
1E4
2DC
393
000
25D
393
478
000
000
000
000
000
18F
25D
2F4
000
25D
393
478
000
2F4
478
597
000
000
000
000
000
000
000
000
000
000
000
000
000
000
000
000
000
000
000
000
000
000
000
000
000
000
000
000
000
000
000
000
000
000
000
000
000
000
000
000
000
000
000
000
000
000
000
000
000
000
000
000
000
000
000
000
000
000
000
000
000
000
000
000
000
000
000
000
000
000
000
000
000
000
000
000
000
000
000
000
000
000
000
000
000

