3F6C7
29E7A
21862
00000
29E7A
1BAFE
16265
00000
21862
16265
11B84
00000
00000
00000
00000
00000
29E7A
1BAFE
16265
00000
1BAFE
124B1
0EA27
00000
16265
0EA27
0BB52
00000
00000
00000
00000
00000
21862
16265
11B84
00000
16265
0EA27
0BB52
00000
11B84
0BB52
095DB
00000
00000
00000
00000
00000
00000
00000
00000
00000
00000
00000
00000
00000
00000
00000
00000
00000
00000
00000
00000
00000
29E7A
1BAFE
16265
00000
1BAFE
124B1
0EA27
00000
16265
0EA27
0BB52
00000
00000
00000
00000
00000
1BAFE
124B1
0EA27
00000
124B1
0C162
09AB5
00000
0EA27
09AB5
07BC4
00000
00000
00000
00000
00000
16265
0EA27
0BB52
00000
0EA27
09AB5
07BC4
00000
0BB52
07BC4
06303
00000
00000
00000
00000
00000
00000
00000
00000
00000
00000
00000
00000
00000
00000
00000
00000
00000
00000
00000
00000
00000
21862
16265
11B84
00000
16265
0EA27
0BB52
00000
11B84
0BB52
095DB
00000
00000
00000
00000
00000
16265
0EA27
0BB52
00000
0EA27
09AB5
07BC4
00000
0BB52
07BC4
06303
00000
00000
00000
00000
00000
11B84
0BB52
095DB
00000
0BB52
07BC4
06303
00000
095DB
06303
04F36
00000
00000
00000
00000
00000
00000
00000
00000
00000
00000
00000
00000
00000
00000
00000
00000
00000
00000
00000
00000
00000
00000
00000
00000
00000
00000
00000
00000
00000
00000
00000
00000
00000
00000
00000
00000
00000
00000
00000
00000
00000
00000
00000
00000
00000
00000
00000
00000
00000
00000
00000
00000
00000
00000
00000
00000
00000
00000
00000
00000
00000
00000
00000
00000
00000
00000
00000
00000
00000
00000
00000
00000
00000
00000
00000
00000
00000
00000
00000
00000
00000
00000
00000
00000
00000
29E7A
1BAFE
16265
00000
1BAFE
124B1
0EA27
00000
16265
0EA27
0BB52
00000
00000
00000
00000
00000
1BAFE
124B1
0EA27
00000
124B1
0C162
09AB5
00000
0EA27
09AB5
07BC4
00000
00000
00000
00000
00000
16265
0EA27
0BB52
00000
0EA27
09AB5
07BC4
00000
0BB52
07BC4
06303
00000
00000
00000
00000
00000
00000
00000
00000
00000
00000
00000
00000
00000
00000
00000
00000
00000
00000
00000
00000
00000
1BAFE
124B1
0EA27
00000
124B1
0C162
09AB5
00000
0EA27
09AB5
07BC4
00000
00000
00000
00000
00000
124B1
0C162
09AB5
00000
0C162
07FC5
06637
00000
09AB5
06637
051C6
00000
00000
00000
00000
00000
0EA27
09AB5
07BC4
00000
09AB5
06637
051C6
00000
07BC4
051C6
0416B
00000
00000
00000
00000
00000
00000
00000
00000
00000
00000
00000
00000
00000
00000
00000
00000
00000
00000
00000
00000
00000
16265
0EA27
0BB52
00000
0EA27
09AB5
07BC4
00000
0BB52
07BC4
06303
00000
00000
00000
00000
00000
0EA27
09AB5
07BC4
00000
09AB5
06637
051C6
00000
07BC4
051C6
0416B
00000
00000
00000
00000
00000
0BB52
07BC4
06303
00000
07BC4
051C6
0416B
00000
06303
0416B
03455
00000
00000
00000
00000
00000
00000
00000
00000
00000
00000
00000
00000
00000
00000
00000
00000
00000
00000
00000
00000
00000
00000
00000
00000
00000
00000
00000
00000
00000
00000
00000
00000
00000
00000
00000
00000
00000
00000
00000
00000
00000
00000
00000
00000
00000
00000
00000
00000
00000
00000
00000
00000
00000
00000
00000
00000
00000
00000
00000
00000
00000
00000
00000
00000
00000
00000
00000
00000
00000
00000
00000
00000
00000
00000
00000
00000
00000
00000
00000
00000
00000
00000
00000
00000
00000
21862
16265
11B84
00000
16265
0EA27
0BB52
00000
11B84
0BB52
095DB
00000
00000
00000
00000
00000
16265
0EA27
0BB52
00000
0EA27
09AB5
07BC4
00000
0BB52
07BC4
06303
00000
00000
00000
00000
00000
11B84
0BB52
095DB
00000
0BB52
07BC4
06303
00000
095DB
06303
04F36
00000
00000
00000
00000
00000
00000
00000
00000
00000
00000
00000
00000
00000
00000
00000
00000
00000
00000
00000
00000
00000
16265
0EA27
0BB52
00000
0EA27
09AB5
07BC4
00000
0BB52
07BC4
06303
00000
00000
00000
00000
00000
0EA27
09AB5
07BC4
00000
09AB5
06637
051C6
00000
07BC4
051C6
0416B
00000
00000
00000
00000
00000
0BB52
07BC4
06303
00000
07BC4
051C6
0416B
00000
06303
0416B
03455
00000
00000
00000
00000
00000
00000
00000
00000
00000
00000
00000
00000
00000
00000
00000
00000
00000
00000
00000
00000
00000
11B84
0BB52
095DB
00000
0BB52
07BC4
06303
00000
095DB
06303
04F36
00000
00000
00000
00000
00000
0BB52
07BC4
06303
00000
07BC4
051C6
0416B
00000
06303
0416B
03455
00000
00000
00000
00000
00000
095DB
06303
04F36
00000
06303
0416B
03455
00000
04F36
03455
029DE
00000
00000
00000
00000
00000
00000
00000
00000
00000
00000
00000
00000
00000
00000
00000
00000
00000
00000
00000
00000
00000
00000
00000
00000
00000
00000
00000
00000
00000
00000
00000
00000
00000
00000
00000
00000
00000
00000
00000
00000
00000
00000
00000
00000
00000
00000
00000
00000
00000
00000
00000
00000
00000
00000
00000
00000
00000
00000
00000
00000
00000
00000
00000
00000
00000
00000
00000
00000
00000
00000
00000
00000
00000
00000
00000
00000
00000
00000
00000
00000
00000
00000
00000
00000
00000
092AA
060E7
04D86
00000
060E7
04006
03338
00000
04D86
03338
028FA
00000
00000
00000
00000
00000
060E7
04006
03338
00000
04006
02A4D
021D7
00000
03338
021D7
01B12
00000
00000
00000
00000
00000
04D86
03338
028FA
00000
03338
021D7
01B12
00000
028FA
01B12
015A8
00000
00000
00000
00000
00000
00000
00000
00000
00000
00000
00000
00000
00000
00000
00000
00000
00000
00000
00000
00000
00000
060E7
04006
03338
00000
04006
02A4D
021D7
00000
03338
021D7
01B12
00000
00000
00000
00000
00000
04006
02A4D
021D7
00000
02A4D
01BF3
0165C
00000
021D7
0165C
011E3
00000
00000
00000
00000
00000
03338
021D7
01B12
00000
021D7
0165C
011E3
00000
01B12
011E3
00E4F
00000
00000
00000
00000
00000
00000
00000
00000
00000
00000
00000
00000
00000
00000
00000
00000
00000
00000
00000
00000
00000
04D86
03338
028FA
00000
03338
021D7
01B12
00000
028FA
01B12
015A8
00000
00000
00000
00000
00000
03338
021D7
01B12
00000
021D7
0165C
011E3
00000
01B12
011E3
00E4F
00000
00000
00000
00000
00000
028FA
01B12
015A8
00000
01B12
011E3
00E4F
00000
015A8
00E4F
00B72
00000
00000
00000
00000
00000
00000
00000
00000
00000
00000
00000
00000
00000
00000
00000
00000
00000
00000
00000
00000
00000
00000
00000
00000
00000
00000
00000
00000
00000
00000
00000
00000
00000
00000
00000
00000
00000
00000
00000
00000
00000
00000
00000
00000
00000
00000
00000
00000
00000
00000
00000
00000
00000
00000
00000
00000
00000
00000
00000
00000
00000
00000
00000
00000
00000
00000
00000
00000
00000
00000
00000
00000
00000
00000
00000
00000
00000
00000
00000
00000
00000
00000
00000
00000
00000

