0102
0186
01E8
0000
0186
024F
02E3
0000
01E8
02E3
039C
0000
0000
0000
0000
0000
0186
024F
02E3
0000
024F
037F
045F
0000
02E3
045F
0577
0000
0000
0000
0000
0000
01E8
02E3
039C
0000
02E3
045F
0577
0000
039C
0577
06D5
0000
0000
0000
0000
0000
0000
0000
0000
0000
0000
0000
0000
0000
0000
0000
0000
0000
0000
0000
0000
0000
0186
024F
02E3
0000
024F
037F
045F
0000
02E3
045F
0577
0000
0000
0000
0000
0000
024F
037F
045F
0000
037F
054B
069E
0000
045F
069E
0846
0000
0000
0000
0000
0000
02E3
045F
0577
0000
045F
069E
0846
0000
0577
0846
0A57
0000
0000
0000
0000
0000
0000
0000
0000
0000
0000
0000
0000
0000
0000
0000
0000
0000
0000
0000
0000
0000
01E8
02E3
039C
0000
02E3
045F
0577
0000
039C
0577
06D5
0000
0000
0000
0000
0000
02E3
045F
0577
0000
045F
069E
0846
0000
0577
0846
0A57
0000
0000
0000
0000
0000
039C
0577
06D5
0000
0577
0846
0A57
0000
06D5
0A57
0CED
0000
0000
0000
0000
0000
0000
0000
0000
0000
0000
0000
0000
0000
0000
0000
0000
0000
0000
0000
0000
0000
0000
0000
0000
0000
0000
0000
0000
0000
0000
0000
0000
0000
0000
0000
0000
0000
0000
0000
0000
0000
0000
0000
0000
0000
0000
0000
0000
0000
0000
0000
0000
0000
0000
0000
0000
0000
0000
0000
0000
0000
0000
0000
0000
0000
0000
0000
0000
0000
0000
0000
0000
0000
0000
0000
0000
0000
0000
0000
0000
0000
0000
0000
0000
0000
0186
024F
02E3
0000
024F
037F
045F
0000
02E3
045F
0577
0000
0000
0000
0000
0000
024F
037F
045F
0000
037F
054B
069E
0000
045F
069E
0846
0000
0000
0000
0000
0000
02E3
045F
0577
0000
045F
069E
0846
0000
0577
0846
0A57
0000
0000
0000
0000
0000
0000
0000
0000
0000
0000
0000
0000
0000
0000
0000
0000
0000
0000
0000
0000
0000
024F
037F
045F
0000
037F
054B
069E
0000
045F
069E
0846
0000
0000
0000
0000
0000
037F
054B
069E
0000
054B
0803
0A04
0000
069E
0A04
0C85
0000
0000
0000
0000
0000
045F
069E
0846
0000
069E
0A04
0C85
0000
0846
0C85
0FA7
0000
0000
0000
0000
0000
0000
0000
0000
0000
0000
0000
0000
0000
0000
0000
0000
0000
0000
0000
0000
0000
02E3
045F
0577
0000
045F
069E
0846
0000
0577
0846
0A57
0000
0000
0000
0000
0000
045F
069E
0846
0000
069E
0A04
0C85
0000
0846
0C85
0FA7
0000
0000
0000
0000
0000
0577
0846
0A57
0000
0846
0C85
0FA7
0000
0A57
0FA7
1390
0000
0000
0000
0000
0000
0000
0000
0000
0000
0000
0000
0000
0000
0000
0000
0000
0000
0000
0000
0000
0000
0000
0000
0000
0000
0000
0000
0000
0000
0000
0000
0000
0000
0000
0000
0000
0000
0000
0000
0000
0000
0000
0000
0000
0000
0000
0000
0000
0000
0000
0000
0000
0000
0000
0000
0000
0000
0000
0000
0000
0000
0000
0000
0000
0000
0000
0000
0000
0000
0000
0000
0000
0000
0000
0000
0000
0000
0000
0000
0000
0000
0000
0000
0000
0000
01E8
02E3
039C
0000
02E3
045F
0577
0000
039C
0577
06D5
0000
0000
0000
0000
0000
02E3
045F
0577
0000
045F
069E
0846
0000
0577
0846
0A57
0000
0000
0000
0000
0000
039C
0577
06D5
0000
0577
0846
0A57
0000
06D5
0A57
0CED
0000
0000
0000
0000
0000
0000
0000
0000
0000
0000
0000
0000
0000
0000
0000
0000
0000
0000
0000
0000
0000
02E3
045F
0577
0000
045F
069E
0846
0000
0577
0846
0A57
0000
0000
0000
0000
0000
045F
069E
0846
0000
069E
0A04
0C85
0000
0846
0C85
0FA7
0000
0000
0000
0000
0000
0577
0846
0A57
0000
0846
0C85
0FA7
0000
0A57
0FA7
1390
0000
0000
0000
0000
0000
0000
0000
0000
0000
0000
0000
0000
0000
0000
0000
0000
0000
0000
0000
0000
0000
039C
0577
06D5
0000
0577
0846
0A57
0000
06D5
0A57
0CED
0000
0000
0000
0000
0000
0577
0846
0A57
0000
0846
0C85
0FA7
0000
0A57
0FA7
1390
0000
0000
0000
0000
0000
06D5
0A57
0CED
0000
0A57
0FA7
1390
0000
0CED
1390
1875
0000
0000
0000
0000
0000
0000
0000
0000
0000
0000
0000
0000
0000
0000
0000
0000
0000
0000
0000
0000
0000
0000
0000
0000
0000
0000
0000
0000
0000
0000
0000
0000
0000
0000
0000
0000
0000
0000
0000
0000
0000
0000
0000
0000
0000
0000
0000
0000
0000
0000
0000
0000
0000
0000
0000
0000
0000
0000
0000
0000
0000
0000
0000
0000
0000
0000
0000
0000
0000
0000
0000
0000
0000
0000
0000
0000
0000
0000
0000
0000
0000
0000
0000
0000
0000
06FB
0A91
0D35
0000
0A91
0FFE
13FD
0000
0D35
13FD
18FD
0000
0000
0000
0000
0000
0A91
0FFE
13FD
0000
0FFE
1834
1E41
0000
13FD
1E41
25D2
0000
0000
0000
0000
0000
0D35
13FD
18FD
0000
13FD
1E41
25D2
0000
18FD
25D2
2F47
0000
0000
0000
0000
0000
0000
0000
0000
0000
0000
0000
0000
0000
0000
0000
0000
0000
0000
0000
0000
0000
0A91
0FFE
13FD
0000
0FFE
1834
1E41
0000
13FD
1E41
25D2
0000
0000
0000
0000
0000
0FFE
1834
1E41
0000
1834
24A2
2DCB
0000
1E41
2DCB
393E
0000
0000
0000
0000
0000
13FD
1E41
25D2
0000
1E41
2DCB
393E
0000
25D2
393E
478E
0000
0000
0000
0000
0000
0000
0000
0000
0000
0000
0000
0000
0000
0000
0000
0000
0000
0000
0000
0000
0000
0D35
13FD
18FD
0000
13FD
1E41
25D2
0000
18FD
25D2
2F47
0000
0000
0000
0000
0000
13FD
1E41
25D2
0000
1E41
2DCB
393E
0000
25D2
393E
478E
0000
0000
0000
0000
0000
18FD
25D2
2F47
0000
25D2
393E
478E
0000
2F47
478E
5971
0000
0000
0000
0000
0000
0000
0000
0000
0000
0000
0000
0000
0000
0000
0000
0000
0000
0000
0000
0000
0000
0000
0000
0000
0000
0000
0000
0000
0000
0000
0000
0000
0000
0000
0000
0000
0000
0000
0000
0000
0000
0000
0000
0000
0000
0000
0000
0000
0000
0000
0000
0000
0000
0000
0000
0000
0000
0000
0000
0000
0000
0000
0000
0000
0000
0000
0000
0000
0000
0000
0000
0000
0000
0000
0000
0000
0000
0000
0000
0000
0000
0000
0000
0000
0000

